Cond = NaN(11)
Cond(1,:) = [-6 -5 -4 -3 -2 -1 0 1 2 3 4]; %0.5
Cond(2,:) = [-3 -2 -1 0 1 2 3 4 5 6 ]; %1
Cond(3,:) = [-1 0 1 2 3 4 5 6 7 8]; %1.5
Cond(4,:) = [1 2 3 4 5 6 7 8 9]; %2
Cond(5,:) = [ 3 4 5 6 7 8 9 10]; %2.5
Cond(6,:) = [4 5 6 7 8 9 10 11 ]; %3
Cond(7,:) = [5 6 7 8 9 10 11 ]; %3.5
Cond(8,:) = [5 6 7 8 9 10 11 12 ]; %4
Cond(9,:) = [6 7 8 9 10 11 12 13 ]; %4.5
Cond(10,:) = [7 8 9 10 11 12 13]; %5
Cond(11,:) = [7 8 9 10 11 12 13 ]; %5.4